  0 32
  1 9608
  2 9619
  3 9618
  4 9617
  5 9632
  6 9604
  7 9600
  8 9612
  9 9616
 10 9631
 11 9625
 12 9628
 13 9627
 14 9472
 15 9474
 16 9552
 17 9553
 18 9598
 19 9596
 20 9597
 21 9599
 22 9594
 23 9592
 24 9484
 25 9488
 26 9492
 27 9496
 28 9500
 29 9508
 30 9516
 31 9524
 32 9698
 33 9699
 34 9701
 35 9700
 36 9532
 37 9556
 38 9559
 39 9562
 40 9565
 41 9568
 42 9571
 43 9574
 44 9577
 45 9580
 46 9566
 47 9567
 48 9569
 49 9570
 50 9558
 51 9557
 52 9564
 53 9563
 54 9575
 55 9576
 56 9572
 57 9573
 58 9561
 59 9560
 60 9554
 61 9555
 62 9579
 63 9578
 64 9644
 65 9646
 66 9654
 67 9664
 68 9658
 69 9668
 70 9652
 71 9662
 72 8593
 73 8595
 74 8594
 75 8592
 76 8596
 77 8597
 78 9650
 79 9660
 80 9585
 81 9586
 82 82
 83 89
 84 9671
 85 9670
 86 9674
 87 9737
 88 176
 89 8801
 90 9688
 91 9689
 92 9788
 93 8226
 94 9675
 95 9829
 96 9830
 97 9827
 98 9824
 99 8745
100 8734
101 8976
102 172
103 9636
104 9638
